159		56	1
160		57	1
161		58	1
162		59	2
163		59	51
164		60	51
165		61	2
166		61	51
167		62	1
168		62	52
169		63	51
170		64	1
171		64	52
172		65	51
173		66	1
174		66	52
175		67	51
176		68	1
177		68	52
178		69	51
179		70	1
180		71	51
181		73	51
182		72	1
183		72	53
184		74	51
185		75	1
186		76	51
187		77	1
188		77	53
189		78	51
190		79	1
191		80	51
192		81	51
193		82	1
194		83	51
195		84	1
196		85	51
197		86	51
198		87	1
199		88	1
200		89	1
201		90	1
202		91	51
203		92	51
204		93	51
205		94	1
206		94	52
207		95	51
208		98	51
209		97	1
210		96	1
211		99	51
212		100	51
213		101	1
214		102	1
215		103	1
216		104	1
217		105	1
218		106	51
219		107	51
220		108	51
221		91	3
222		109	2
223		110	51
224		111	2
225		112	52
226		113	52
227		114	51
228		115	52
229		116	52
230		117	2
231		118	52
232		119	52
233		120	2
234		121	51
235		122	52
236		123	2
237		124	52
238		125	51
239		127	51
240		126	2
241		128	4
242		129	52
243		130	52
244		131	4
245		132	51
246		133	3
247		134	51
248		135	51
249		137	2
250		138	2
251		139	2
252		140	51
253		141	4
254		142	202
255		142	52
256		143	51
257		144	51
258		145	2
259		146	51
260		147	2
261		149	51
262		148	2
263		150	52
264		151	2
265		152	2
266		153	2
267		155	2
268		154	2
269		154	53
270		156	52
271		157	2
272		158	52
273		160	2
274		159	53
275		161	2
276		162	2
277		163	52
278		164	2
279		165	2
280		166	51
281		167	52
282		168	4
283		169	2
284		170	2
285		171	2
286		171	203
287		53	52
288		172	4
289		173	52
290		174	4
291	2227		151
292	2227		151
293		175	4
294		176	4
295		177	52
296		178	4
297		179	53
298		180	52
299		181	52
300		182	4
301		183	53
302		184	52
303		185	4
304		186	4
305		187	4
306		188	52
307		189	4
308		190	52
309		191	4
310		192	52
311		92	3
312		193	52
313		194	53
314		195	53
315		196	3
316		175	53
317		197	3
318		198	52
319		199	3
320		200	3
321		201	53
322		202	3
323		203	3
324		204	3
325		205	3
326		206	52
327		207	3
328		208	53
329		209	3
330		210	52
331		211	3
332		212	52
333		213	52
334		214	3
335		215	3
336		216	4
337		217	7
338		218	3
339		219	3
340		220	3
341		221	5
342		222	5
343		222	53
344		223	3
345		225	3
346		224	3
347		224	53
348		226	53
349		227	3
350		228	53
351		229	53
352		230	3
353		228	3
354		231	3
355		233	3
356		232	53
357		234	4
358		235	53
359		236	5
360		237	4
361		238	5
362		239	4
363		240	4
364		241	4
365		242	4
366		243	53
367		244	4
368		243	4
369		245	4
370		246	4
371		247	53
372		247	5
373		248	4
374		249	6
375		250	7
376		252	10
377		253	9
378		254	53
379		254	10
380		255	7
381		256	53
394		266	5
396		268	5
398		270	5
400		272	5
402		274	5
404		277	5
406		278	53
408		279	53
410		281	5
412		283	6
414		285	6
416		287	7
418		289	6
420		291	8
422		290	6
424		294	6
426		296	6
428		298	7
430		300	53
432		302	7
434		303	54
436		305	7
438		51	6
440		51	201
442		309	7
444		311	53
446		313	54
448		315	54
450		317	7
452		318	53
454		320	53
456		322	7
458		323	7
460		325	7
462		327	53
464		329	53
466		331	7
468		333	53
469		334	7
470		335	54
471		336	8
472		337	54
473		338	54
474		339	8
475		340	8
476		341	54
477		342	8
478		343	53
479		344	8
480		345	54
481		346	8
482		347	53
483		348	8
484		349	53
485		350	8
486		351	8
487		352	8
488		353	54
489		354	53
490		355	53
491		357	54
492		356	7
493		358	54
494		359	54
495		360	53
496		361	53
497		362	8
498		363	53
499		364	54
500		365	8
501		366	54
502		367	53
503		369	53
504		368	8
505		370	54
506		371	54
507		372	8
508		373	54
509		374	8
510		375	54
511		376	8
512		377	54
513		378	54
514		379	54
515		380	54
516		381	54
517		382	54
518		383	54
519		384	54
520		385	53
521		386	11
522		387	53
523		388	8
524		388	54
525		389	54
526		390	54
527		391	8
528		392	54
529		393	54
530		394	8
531		395	8
532		396	53
533		397	53
534		398	53
535		399	53
536		400	53
537		401	53
538		402	54
539		356	53
540		403	53
541		404	53
542		405	53
543		406	9
544		407	53
545		368	54
546		408	9
547		409	11
548		410	54
549		411	54
382		257	6
383		258	9
384		259	5
385		260	10
386		260	54
387		261	6
388		262	12
389		263	11
390		264	11
391		264	54
392		263	54
393		265	10
395		267	5
397		269	5
399		271	5
401		273	5
403		276	5
405		278	5
407		279	5
409		280	5
411		282	9
413		284	6
415		286	6
417		288	6
419		290	54
421		292	6
423		293	53
425		295	7
427		297	6
429		299	7
431		301	7
433		303	7
435		304	6
437		306	7
439		307	7
441		308	54
443		310	7
445		312	11
447		314	12
449		316	7
451		318	7
453		319	8
455		321	7
457		322	53
459		324	7
461		326	7
463		328	7
465		330	53
467		332	7
550		412	53
563		423	54
565		424	54
567		426	54
569		428	11
571		429	11
573		431	9
575		433	9
577		435	9
579		437	9
581		439	13
583		441	10
585		443	10
587		445	10
589		447	10
591		448	9
593		450	9
595		451	9
597		453	11
599		455	11
601		457	11
603		459	11
605		461	11
607		463	12
609		465	11
611		467	12
613		469	12
615		471	12
617		473	12
619		475	12
621		477	13
623		479	13
551		374	54
552		394	54
553		414	54
554		415	12
555		416	54
556		417	54
557		418	11
558		419	53
559		419	11
560		420	9
561		421	53
562		422	54
564		424	11
566		425	54
568		427	54
570		428	54
572		430	10
574		432	9
576		434	9
578		436	9
580		438	9
582		440	10
584		442	54
586		444	10
588		446	10
590		54	201
592		449	9
594		450	54
596		452	9
598		454	11
600		456	11
602		458	11
604		460	11
606		462	11
608		464	11
610		466	12
612		468	12
614		470	13
616		472	12
618		474	12
620		476	13
622		478	13
624		480	13
