51	2001	2002	
52	2003	2004	
53	2001	2003	2004
54	7	17	
55	17	18	
56	42	43	
57	2005	2006	
58	2007	2007	
59	2010	2011	
60	2012	2013	
61	2014	2015	
62	2016	2018	
63	2017		
64	2019		
65	2020	2021	
66	2022	2023	
67	2024	2025
68	2026	2027
69	2029	2030
70	2031	2032
71	2033	2034
72	2035	2037
73	2036	2038
74	2040	2042
75	2041	2043
76	2044	2045
77	2046	2047
78	2048	2049
79	2050	2051
80	2052	2053
81	2055	2057
82	2054	2056
83	2059	2060
84	2061	2062
85	2063	2064
86	2065	2066
87	2067	2068
88	2069	
89	2070	2071
90	711	712
91	2072	2073
92	2075	2076
93	2078	2079
94	2074	2077
95	2081	2082
96	2080	2084
97	298	354
98	2083	2085
99	2087	2088
100	2089	2090
101	2091	2094
102	293	
103	2093	2095
104	2097	2098
105	2099	2100
106	2092	2096
107	2103	2104
108	2106	2107
109	2105	2108
110	2110	2111
111	2112	
112	2113	2114
113	2115	2116
114	2118	2119
115	2120	2121
116	2122	2123
117	2117	2124
118	2125	2126
119	2127	2128
120	2129	2130
121	2131	2132
122	2134	2135
123	2133	2136
124	2137	2138
125	2140	2141
126	2139	2142
127	2143	2144
128	2147	2148
129	2145	2146
130	2150	2151
131	2149	2152
132	2153	2154
133	1029	1030
134	2156	2157
135	2158	2160
136	2161	2162
137	2159	2163
138	2092	2153
139	2164	2165
140	2167	2168
141	2169	2171
142	2166	2170
143	2172	2173
144	2174	2175
145	262	263
146	2176	2177
147	520	521
148	2178	
149	2179	
150	2180	2181
151	1031	1032
152	2154	2182
153	2183	2185
154	2184	2186
155	2187	2188
156	2189	2190
157	2191	2192
158	2193	2194
159	2196	2197
160	2195	2199
161	2200	2204
162	2198	2201
163	2202	2203
164	2205	2206
165	2207	2208
166	2210	
167	2209	2211
168	2214	
169	2213	
170	2215	2216
171	2217	2218
172	2219	2220
173	2221	2222
174	2223	2224
175	2226	2228
176	2229	2230
177	2231	2232
178	2233	2234
179	2235	2236
180	2237	
181	2239	2240
182	2238	
183	2241	2242
184	2243	2244
185	2245	2246
186	2247	2248
187	2249	
188	2250	2251
189	2252	2253
190	2254	2256
191	2255	2257
192	2259	2260
193	2231	2261
194	2263	
195	2265	2266
196	2267	2268
197	2269	2270
198	2271	2272
199	2273	2274
200	2275	2278
201	2276	2277
202	2279	2280
203	2281	2282
204	2283	2284
205	2285	2286
206	2288	
207	2287	2289
208	2290	2291
209	2292	
210	2294	
211	2293	2295
212	2075	2276
213	2296	2298
214	2297	
215	2299	2300
216	2301	2302
217	2303	2304
218	2305	2306
219	2307	2308
220	2310	2311
221	2312	2313
222	2315	2316
223	2314	2317
224	2319	2320
225	2322	2323
226	2324	2325
227	2262	2264
228	2326	2327
229	2329	2330
230	2328	2331
231	2332	2333
232	2334	2336
233	2335	2337
234	2338	2339
235	2340	2341
236	2342	2343
237	2344	2345
238	2346	2347
239	2348	2349
240	2350	2351
241	2352	2353
242	2354	2355
243	2356	2357
244	2358	2359
245	2360	2361
246	2362	2363
247	2364	2365
248	2366	2367
249	2369	2370
250	2371	2372
251	2373	2374
252	2368	2376
253	2377	2378
254	2379	2380
255	2381	
256	2386	
257	2384	2385
258	2382	2383
259	373	376
260	688	690
261	2387	2388
262	365	
263	880	881
264	879	
265	2389	2390
266	2391	
267	2392	2393
268	2394	2395
269	2396	2397
270	2398	2399
271	2400	2401
272	2402	2403
273	2404	
274	2405	2406
275	642	
276	641	642
277	2407	2408
278	2409	2410
279	2411	2412
280	2413	2414
281	2415	
282	2416	2417
283	2418	2419
284	2420	
285	2421	2422
286	2423	2424
287	2425	2426
288	2427	
289	2428	2429
290	2430	2431
291	2432	2433
292	2434	
293	2435	2436
294	2437	2438
295	2441	
296	2442	
297	2443	2444
298	2445	2446
299	2447	2448
300	2449	2450
301	2451	2452
302	2453	2454
303	2455	2456
304	2457	2458
305	2458	2459
306	2460	2461
307	2462	2463
308	2464	2465
309	2464	2466
310	2467	
311	2469	2470
312	2468	2471
313	2472	2473
314	2474	2475
315	2476	2478
316	2479	
317	2480	2481
318	2482	2483
319	2484	2485
320	2486	2487
321	2488	
322	2489	2490
323	2491	2492
324	2493	2495
325	2494	2496
326	2497	2499
327	2498	2500
328	2501	2502
329	2503	2504
330	2505	2507
331	2506	
332	2508	2510
333	2509	2511
334	2512	
335	2513	2514
336	2515	2516
337	2517	2518
338	2520	2521
339	2519	2522
340	2523	
341	2524	2525
342	2526	
343	2527	2528
344	2529	2531
345	2530	2532
346	2533	2534
347	2536	2537
348	2535	2538
349	2539	2540
350	2541	2542
351	2543	
352	2544	2545
353	2546	2547
354	2548	2549
355	2550	2551
356	2552	2554
357	2553	2555
358	2556	
359	2557	
360	2558	2559
361	2560	2561
362	2562	2563
363	2564	2565
364	2567	2568
365	2566	2569
366	2570	2571
367	2572	2574
368	2573	2575
369	2576	2577
370	2578	2579
371	2581	2582
372	2580	2583
373	2584	2585
374	2583	2587
375	2586	2588
376	2589	2590
377	2591	2592
378	2593	2595
379	2596	2597
380	2598	2600
381	2594	2599
382	2601	2603
383	2602	2604
384	2605	2606
385	2607	2608
386	2605	2609
387	2610	
388	2612	2613
389	2609	2611
390	2614	2615
391	2616	2617
392	2616	2618
393	2619	2620
394	2621	2622
395	2623	2624
396	2625	2626
397	2627	
398	2628	2629
399	2630	2631
400	2632	2633
401	2634	2635
402	2636	2637
403	2638	2639
404	2640	2641
405	2642	2643
406	2644	2645
407	2646	2647
408	2648	2649
409	2650	2651
410	2652	2653
411	2654	2655
412	2656	2657
413	2583	2585
414	2659	
415	2661	2662
416	2664	2665
417	2001	2667
418	2666	2668
419	2669	2670
420	2671	2672
421	2673	
422	2674	2675
423	2676	2677
424	2678	2679
425	2680	2681
426	2682	2683
427	2684	2685
428	2686	2687
429	2688	2689
430	2690	2691
431	2692	2693
432	2694	2695
433	2696	2697
434	2700	2701
435	2702	2703
436	2704	2705
437	2706	2707
438	2707	2709
439	2710	2711
440	2712	2713
441	2714	2715
442	2716	2717
443	2718	2719
444	2720	2721
445	2722	2723
446	2724	2725
447	2726	2727
448	2728	2729
449	70	2730
450	2731	2732
451	2733	2734
452	2735	
453	2736	
454	2738	
455	2739	2740
456	2741	
457	2742	
458	2743	2744
459	2745	2746
460	2747	
461	2748	2749
462	2750	2751
463	2752	2753
464	2754	
465	2755	
466	2757	2758
467	2759	2760
468	2761	2762
469	2763	
470	2764	2765
471	2768	2769
472	2770	
473	2771	2772
474	2773	2774
475	2775	2777
476	2778	2779
477	2779	2780
478	2782	
479	2783	2784
480	2785	2786
